x10 = 2;
x20 = 2;